[[28, 28, 581384460.9375], [29, 28, 792796992.1875], [30, 28, 581384460.9375], [70, 28, 581384460.9375], [71, 28, 792796992.1875], [72, 28, 581384460.9375], [28, 29, 792796992.1875], [29, 29, 1638447117.1875], [30, 29, 2061272179.6875], [31, 29, 2061272179.6875], [32, 29, 1638447117.1875], [68, 29, 1638447117.1875], [69, 29, 2061272179.6875], [70, 29, 2061272179.6875], [71, 29, 1638447117.1875], [72, 29, 792796992.1875], [28, 30, 581384460.9375], [29, 30, 2061272179.6875], [30, 30, 3118334835.9375], [31, 30, 3752572429.6875], [32, 30, 3963984960.9375], [68, 30, 3963984960.9375], [69, 30, 3752572429.6875], [70, 30, 3118334835.9375], [71, 30, 2061272179.6875], [72, 30, 581384460.9375], [29, 31, 2061272179.6875], [30, 31, 3752572429.6875], [31, 31, 5021047617.1875], [32, 31, 5866697742.1875], [68, 31, 5866697742.1875], [69, 31, 5021047617.1875], [70, 31, 3752572429.6875], [71, 31, 2061272179.6875], [29, 32, 1638447117.1875], [30, 32, 3963984960.9375], [31, 32, 5866697742.1875], [32, 32, 7346585460.9375], [33, 32, 792796992.1875], [67, 32, 792796992.1875], [68, 32, 7346585460.9375], [69, 32, 5866697742.1875], [70, 32, 3963984960.9375], [71, 32, 1638447117.1875], [32, 33, 792796992.1875], [33, 33, 2325537843.75], [67, 33, 2325537843.75], [68, 33, 792796992.1875], [32, 67, 792796992.1875], [33, 67, 2325537843.75], [67, 67, 2325537843.75], [68, 67, 792796992.1875], [29, 68, 1638447117.1875], [30, 68, 3963984960.9375], [31, 68, 5866697742.1875], [32, 68, 7346585460.9375], [33, 68, 792796992.1875], [67, 68, 792796992.1875], [68, 68, 7346585460.9375], [69, 68, 5866697742.1875], [70, 68, 3963984960.9375], [71, 68, 1638447117.1875], [29, 69, 2061272179.6875], [30, 69, 3752572429.6875], [31, 69, 5021047617.1875], [32, 69, 5866697742.1875], [68, 69, 5866697742.1875], [69, 69, 5021047617.1875], [70, 69, 3752572429.6875], [71, 69, 2061272179.6875], [28, 70, 581384460.9375], [29, 70, 2061272179.6875], [30, 70, 3118334835.9375], [31, 70, 3752572429.6875], [32, 70, 3963984960.9375], [68, 70, 3963984960.9375], [69, 70, 3752572429.6875], [70, 70, 3118334835.9375], [71, 70, 2061272179.6875], [72, 70, 581384460.9375], [28, 71, 792796992.1875], [29, 71, 1638447117.1875], [30, 71, 2061272179.6875], [31, 71, 2061272179.6875], [32, 71, 1638447117.1875], [68, 71, 1638447117.1875], [69, 71, 2061272179.6875], [70, 71, 2061272179.6875], [71, 71, 1638447117.1875], [72, 71, 792796992.1875], [28, 72, 581384460.9375], [29, 72, 792796992.1875], [30, 72, 581384460.9375], [70, 72, 581384460.9375], [71, 72, 792796992.1875], [72, 72, 581384460.9375]]